#   Sensor: RhFe 4K Montana
#   Temperature coefficient: Positive
#   Columns: R T
#	
#	Calibrated: 241110 on Prototype via AVS-48
#	Last 5 values are from the old calibration
#	
#	Excitation: 100 uV
#
1.329000 2.191500
1.569317 4.509278
1.752196 6.827056
1.891950 9.144834
1.996099 11.462612
2.095478 13.780390
2.173000 16.098168
2.247293 18.415946
2.308864 20.733724
2.394607 23.051502
2.474459 25.369280
2.565896 27.687057
2.649289 30.004835
2.741876 32.322613
2.841175 34.640391
2.948222 36.958169
3.063731 39.275947
3.187178 41.593725
3.319581 43.911503
3.458598 46.229281
3.606728 48.547059
3.762237 50.864837
3.925762 53.182615
4.117977 55.500393
4.316630 57.818171
4.517448 60.135949
4.727673 62.453727
4.941188 64.771505
5.160385 67.089283
5.382645 69.407061
5.611191 71.724839
5.840926 74.042617
6.077207 76.360394
6.310181 78.678172
6.544669 80.995950
6.789349 83.313728
7.040137 85.631506
7.280247 87.949284
7.523334 90.267062
7.779597 92.584840
8.034901 94.902618
8.284372 97.220396
8.532837 99.538174
8.788487 101.855952
9.030583 104.173730
9.323836 106.491508
9.548769 108.809286
9.812342 111.127064
10.067039 113.444842
10.321928 115.762620
10.560308 118.080398
10.836188 120.398176
11.102451 122.715954
11.327755 125.033731
11.610314 127.351509
11.854100 129.669287
12.118662 131.987065
12.376199 134.304843
12.646745 136.622621
12.877312 138.940399
13.141467 141.258177
13.391558 143.575955
13.651963 145.893733
13.893039 148.211511
14.151106 150.529289
14.381881 152.847067
14.637582 155.164845
14.888350 157.482623
15.134657 159.800401
15.402797 162.118179
15.642726 164.435957
15.894632 166.753735
16.133802 169.071513
16.389059 171.389291
16.650352 173.707069
16.886685 176.024846
17.145945 178.342624
17.373953 180.660402
17.637800 182.978180
17.859145 185.295958
18.119386 187.613736
18.367074 189.931514
18.603288 192.249292
18.859695 194.567070
19.094700 196.884848
19.342397 199.202626
19.605488 201.520404
19.770248 203.838182
20.052455 206.155960
20.327749 208.473738
20.561367 210.791516
20.799415 213.109294
21.028403 215.427072
21.273181 217.744850
21.551110 220.062628
21.748818 222.380406
21.988776 224.698183
22.234552 227.015961
22.493391 229.333739
22.740289 231.651517
22.941614 233.969295
23.178411 236.287073
23.419175 238.604851
23.674000 240.922629
23.951857 243.240407
24.157939 245.558185
24.386672 247.875963
24.665576 250.193741
24.900061 252.511519
25.110959 254.829297
25.332450 257.147075
25.576127 259.464853
25.829821 261.782631
26.088207 264.100409
26.286455 266.418187
26.541995 268.735965
26.729636 271.053743
27.013893 273.371520
27.277090 275.689298
27.485000 278.007076
27.754281 280.324854
27.977695 282.642632
28.195018 284.960410
28.453575 287.278188
28.661848 289.595966
28.928937 291.913744
29.171583 294.231522
29.399000 296.549300
32.2 323
37.5 373
42.8 425
48.2 475
51.4 500